460,217,293,792
618,211,302,728
589,208,356,696
631,211,299,714
601,215,305,683
621,226,276,690
642,224,270,708
631,205,293,713
646,218,278,674
664,224,266,672
660,230,272,668
642,218,314,687
681,229,257,666
639,202,345,711
661,199,267,738
642,217,333,690
645,212,336,689
636,223,368,674
648,226,362,681
672,220,284,689
660,226,309,710
624,217,377,713
639,224,339,696
636,233,338,689
625,211,341,735
651,229,267,720
634,229,305,708
634,209,293,753
639,214,278,729
636,208,264,729
621,221,285,725
613,215,276,708
612,223,285,704
622,218,290,707
598,211,306,714
613,214,284,740
631,212,245,714
615,202,264,732
624,215,258,753
643,221,236,723
643,223,246,729
639,223,242,719
636,224,275,725
633,235,257,702
634,227,284,710
628,217,315,720
634,217,302,732
652,230,282,710
643,229,287,720
664,217,303,719
616,184,315,756
658,208,269,732
664,206,276,741
652,203,284,731
652,203,296,740
636,235,296,702
676,194,251,776
658,242,278,705
658,211,323,699
660,224,278,729
655,212,311,729
661,218,291,746
681,218,272,734
624,205,333,732
643,215,327,758
630,215,339,750
648,205,293,767
672,215,264,719
658,214,273,746
628,199,369,774
639,193,303,788
676,257,267,672
645,217,294,789
661,250,272,696
657,226,311,737
661,247,297,750
658,236,338,710
630,187,411,771
643,217,369,740
618,209,393,759
649,217,339,746
612,199,365,785
600,202,383,755
612,227,390,756
609,208,377,741
607,217,342,764
600,215,351,743
627,200,318,771
615,220,354,723
574,205,395,767
567,224,387,764
580,220,371,750
537,203,410,770
522,194,396,780
555,196,350,773
543,211,345,762
528,214,413,792
543,215,350,777
538,233,381,767
540,214,348,765
543,215,362,758
541,212,413,776
490,211,396,791
522,209,350,786
519,194,359,786
499,206,353,776
517,205,345,783
499,208,356,770
483,208,357,774
475,199,371,765
442,199,378,740
450,211,371,767
420,196,416,750
402,197,443,788
391,226,464,753
415,206,405,773
393,224,396,744
399,206,438,759
372,217,440,752
376,220,405,761
381,218,384,753
376,191,407,800
384,193,317,797
396,199,333,801
390,182,312,795
378,193,287,783
402,191,306,785
400,190,284,786
397,200,294,773
405,218,303,764
379,221,365,747
414,205,281,761
417,221,296,731
412,218,288,780
382,214,327,777
375,220,335,755
378,202,324,779
379,214,362,777
390,200,351,801
388,211,347,800
418,206,285,819
403,224,302,786
447,230,293,800
466,233,276,779
468,248,297,753
478,203,273,812
502,230,276,800
529,248,279,753
514,248,314,759
525,242,323,758
532,238,315,768
568,274,297,729
561,245,284,752
580,250,299,762
579,244,329,732
588,247,291,753
619,254,291,740
645,256,306,761
642,244,308,764
684,233,300,795
664,239,318,755
678,235,297,749
720,254,275,759
735,226,258,779
753,239,267,750
762,215,288,792
795,254,270,740
790,247,258,765
810,233,228,783
786,244,318,726
823,248,257,729
819,214,266,804
847,247,249,764
825,236,302,761
841,257,282,750
847,242,296,780
844,248,288,747
829,244,306,758
838,251,272,758
832,257,305,737
852,254,282,777
879,247,270,762
861,248,278,768
850,253,296,723
852,230,315,755
834,203,288,779
840,212,282,825
864,223,282,804
855,218,279,795
852,232,287,782
835,221,327,788
816,235,324,776
838,233,309,773
852,224,296,800
814,224,288,786
828,212,296,791
813,224,315,752
804,235,302,786
774,215,357,780
792,239,300,761
769,232,282,773
795,256,281,732
816,242,264,770
808,239,255,750
811,254,254,728
807,235,257,735
814,254,249,744
799,247,266,743
802,248,272,743
790,244,258,774
790,259,267,729
780,257,264,732
774,251,278,770
765,250,285,738
772,241,296,768
766,238,248,761
762,241,263,738
754,251,255,749
741,230,270,744
742,232,266,779
732,212,279,773
732,223,246,780
735,238,236,788
721,238,303,729
708,230,270,735
729,232,264,744
745,217,240,785
745,245,293,779
750,224,266,761
756,244,273,783
759,254,273,749
777,245,270,749
781,233,273,746
745,238,290,735
756,257,261,713
784,244,248,753
780,262,291,749
757,254,291,740
783,241,281,746
789,251,263,729
780,233,270,752
768,238,272,750
766,235,258,734
768,242,272,741
778,251,242,728
765,233,269,701
780,232,228,723
754,217,279,753
775,242,236,722
792,242,258,702
772,239,258,743
784,250,228,723
751,247,288,710
759,241,272,710
769,247,263,738
768,245,281,684
760,241,317,714
759,244,300,725
754,256,290,704
780,244,258,690
765,245,293,717
765,259,291,689
750,236,284,735
738,247,303,696
751,254,321,719
738,250,320,705
753,248,324,711
762,250,324,728
757,259,330,725
757,247,333,707
745,244,338,753
762,253,326,729
759,256,272,704
766,257,305,690
766,242,294,708
771,251,308,704
781,259,321,695
780,280,315,710
769,262,312,716
769,292,321,690
786,272,311,707
774,256,323,681
775,256,287,690
796,233,248,717
771,244,285,699
802,248,242,675
811,239,270,681
784,242,251,669
780,241,257,668
777,232,287,681
765,251,285,660
742,230,300,677
754,236,239,663
762,251,234,677
748,262,257,647
765,241,222,659
229,137,392,939
243,136,377,930
255,146,417,909
241,149,420,896
220,149,434,869
232,124,399,936
243,140,381,923
240,122,387,909
253,148,380,905
244,136,390,936
306,128,297,921
277,136,360,920
285,127,411,932
283,118,392,945
252,113,429,938
259,98,440,968
258,122,443,936
270,116,408,918
252,122,462,930
258,124,413,941
249,137,476,918
256,128,435,921
243,136,413,923
258,152,392,896
244,149,422,906
249,122,401,923
249,146,405,872
234,155,407,893
258,137,378,911
259,136,434,881
282,155,398,885
295,128,416,921
277,127,410,915
306,142,404,911
304,122,411,909
330,115,404,924
328,146,426,909
357,164,411,870
351,134,411,894
379,139,504,870
387,188,458,722
375,140,449,881
411,164,482,857
441,125,462,884
430,152,435,896
409,158,497,845
453,142,450,920
432,143,471,887
430,136,483,926
397,149,423,867
450,125,389,911
369,122,477,914
369,85,405,990
396,113,513,1028
321,124,491,1002
381,98,428,914
322,142,468,1013
346,179,564,1004
355,146,456,879
313,142,446,879
282,154,465,902
306,146,452,876
316,143,455,852
303,91,450,915
252,80,480,1013
273,140,447,938
270,115,455,978
274,118,422,896
291,94,455,978
306,103,428,953
295,112,420,1014
313,94,456,986
286,137,402,993
315,78,470,1032
318,103,524,1038
310,173,357,924
325,95,438,974
325,78,426,980
348,73,434,984
399,122,449,893
375,109,429,971
417,112,357,1032
420,121,359,939
409,127,441,932
369,122,428,975
414,137,392,969
403,119,366,939
409,113,408,966
400,100,357,992
412,103,356,990
418,89,386,968
420,109,350,951
379,124,357,1028
426,97,372,953
432,112,315,969
423,95,318,965
402,89,324,941
436,100,297,1029
439,89,332,980
414,95,350,963
412,101,353,885
414,83,347,950
388,104,381,962
427,94,317,933
387,101,387,876
390,110,311,947
400,98,365,899
397,107,368,944
417,119,405,954
412,121,353,959
435,115,302,971
346,71,422,977
421,134,288,1016
463,113,309,873
403,124,405,962
423,130,414,944
424,121,375,914
451,131,401,954
429,136,446,915
412,163,321,935
453,127,329,927
438,112,396,923
426,124,389,929
417,133,381,953
466,98,366,963
448,133,384,944
426,125,362,968
417,154,405,912
463,128,419,930
432,122,419,962
438,119,377,1037
418,155,411,788
421,125,408,932
453,142,416,972
436,110,365,953
450,127,378,926
459,133,380,939
462,130,360,1010
474,113,368,926
424,125,431,935
436,149,435,915
432,104,449,966
424,121,435,936
469,127,423,939
454,151,390,881
466,125,438,917
474,154,425,951
493,134,392,999
432,122,458,917
463,116,446,954
445,151,459,938
430,133,432,938
456,154,452,993
436,113,488,1079
447,166,482,987
429,167,437,885
442,169,468,909
400,112,461,977
432,161,474,941
442,146,420,903
475,139,377,972
426,101,495,1013
459,149,435,870
472,148,405,899
469,137,447,893
450,122,437,920
462,134,390,948
472,143,479,933
469,130,402,906
475,139,455,908
504,136,398,900
457,137,401,971
483,119,420,923
460,127,410,939
457,118,422,926
495,130,423,902
468,97,378,993
466,127,393,948
477,139,347,930
489,130,362,896
468,112,342,959
468,110,423,960
516,128,324,945
498,118,338,944
487,128,376,932
468,110,392,969
468,107,395,975
466,113,411,963
496,113,380,959
444,112,393,999
444,128,398,893
469,136,425,933
453,112,368,956
483,137,360,933
465,143,377,965
459,151,366,963
477,161,377,938
484,106,381,947
517,158,348,939
519,191,374,866
535,181,377,905
532,217,344,881
520,167,380,855
540,214,390,857
565,196,333,914
558,251,435,855
526,212,369,810
543,232,408,780
573,244,308,812
556,226,452,887
610,257,368,779
627,220,423,824
601,257,440,815
627,206,383,786
630,250,387,801
636,260,461,833
678,232,383,845
655,217,441,872
664,211,432,846
672,194,407,888
712,260,374,764
655,251,417,861
688,203,387,881
705,178,389,864
705,200,362,902
745,163,341,893
715,170,378,882
733,149,378,858
703,151,420,911
717,143,336,893
742,156,410,854
715,142,374,897
732,140,356,938
735,156,390,938
741,128,402,974
745,154,389,942
748,109,396,1020
745,146,428,941
759,142,405,966
763,100,407,987
753,140,422,969
1381,133,407,954
1456,88,350,905
1441,107,341,873
1450,89,354,954
1470,121,351,914
1488,113,350,905
1468,121,323,1001
1471,118,308,780
1501,100,308,897
1479,92,390,858
1449,94,326,909
1477,104,356,992
1479,115,353,941
1471,134,308,876
1477,104,362,914
1459,89,353,921
1444,140,347,929
1461,133,311,930
1444,116,342,908
1468,113,330,947
1452,118,326,908
1437,112,351,927
1443,131,351,944
1435,115,390,930
1416,149,357,897
1423,139,368,869
1416,139,368,900
1398,122,387,936
1368,145,413,921
1402,152,371,839
1375,145,398,882
1384,145,353,872
1357,145,423,861
1344,155,374,935
1350,151,407,858
1351,148,375,882
1321,161,377,870
1338,167,351,899
1309,142,386,851
1294,167,351,900
1291,139,390,890
1272,154,405,899
1266,158,377,884
1249,142,407,932
1255,161,402,912
1243,145,420,903
1261,152,389,891
1257,149,398,942
1252,140,404,933
1236,149,416,893
1222,163,425,911
1215,152,395,863
1213,155,405,861
1200,155,420,899
1200,156,401,857
1150,124,450,927
1161,151,408,899
1089,169,434,867
1123,125,429,876
1098,158,378,852
1068,91,414,941
1089,125,353,930
1056,91,372,989
1014,85,407,989
1026,78,372,915
1078,127,294,879
978,140,412,872
1048,101,372,905
984,94,410,1016
987,104,401,957
979,83,428,962
967,136,416,918
979,98,387,942
1002,94,363,966
982,85,395,975
979,112,384,924
994,68,387,947
990,59,410,965
990,61,401,960
1018,74,345,966
999,76,395,980
1015,100,408,960
1045,97,410,959
1050,106,383,966
1072,91,404,978
1071,89,366,965
1089,83,386,995
1075,67,437,993
1107,68,411,972
1110,55,417,972
1138,44,414,1025
1129,46,434,1032
1147,71,398,954
1183,83,435,990
1186,80,387,1011
1212,80,419,959
1180,91,455,984
1194,73,447,989
1179,77,378,960
1206,106,431,926
1213,86,390,968
1231,88,402,969
1260,94,363,953
1221,80,389,1023
1260,73,371,986
1254,53,411,965
1281,65,405,948
1296,86,392,962
1302,95,396,957
1326,94,381,969
1320,106,384,980
1356,109,372,978
1347,110,432,978
1383,116,410,998
1393,89,413,1017
1422,113,393,993
1429,100,365,978
1447,101,372,962
1474,119,312,971
1488,112,312,969
1516,104,330,975
1513,86,272,975
1521,106,273,971
1528,118,266,948
1551,134,230,902
1558,113,224,945
1567,139,212,906
1569,136,213,924
1560,154,227,920
1567,149,221,935
1558,142,216,929
1569,145,219,938
1573,128,215,950
1567,122,198,929
1560,137,209,917
1567,101,219,1004
1572,131,209,909
1557,146,230,912
1560,134,212,917
1576,127,216,966
1566,127,206,944
1510,124,276,923
1557,158,215,882
1536,160,251,893
1513,127,258,918
1524,149,245,929
1531,140,254,893
1510,143,242,948
1509,146,275,941
1495,128,308,927
1489,160,297,956
1479,155,288,923
1504,154,281,954
1480,148,320,939
1455,158,324,942
1449,179,308,915
1435,158,330,915
1437,163,327,918
1444,176,327,902
1420,185,353,903
1393,169,371,917
1402,190,341,878
1357,178,380,881
1369,176,384,882
1387,191,350,872
1350,200,362,878
1360,179,356,873
1341,166,375,890
1335,182,363,815
1323,179,369,902
1306,170,375,918
1297,190,393,869
1269,190,386,864
1281,190,393,876
1243,179,386,897
1257,182,396,912
1233,191,410,896
1213,200,384,902
1188,190,401,917
1167,185,419,906
1140,172,431,912
1156,197,422,926
1140,190,422,899
1099,181,413,912
1111,190,399,882
1090,211,396,869
535,211,335,758
541,221,368,821
511,250,303,717
543,241,276,705
547,230,312,738
556,229,278,737
553,245,275,708
531,205,294,783
546,199,299,759
540,193,302,737
568,184,267,752
561,208,296,741
546,199,245,720
559,211,261,734
547,233,273,722
564,214,261,756
573,224,270,761
574,221,254,735
595,223,237,717
606,224,263,710
565,214,282,713
591,232,257,725
594,209,225,752
595,227,254,762
609,211,243,714
613,215,240,777
574,202,270,746
589,221,267,774
619,235,237,741
601,214,224,773
603,235,273,759
616,220,251,783
622,217,252,749
642,250,273,738
633,209,239,752
634,224,251,761
636,241,260,734
660,218,236,758
663,247,252,749
670,232,276,777
691,233,242,749
684,251,270,761
688,244,258,732
702,236,282,809
700,232,279,774
708,224,275,755
720,223,266,782
733,238,242,783
738,221,252,800
741,254,264,785
783,227,242,723
766,217,246,749
787,230,213,735
784,244,261,759
793,229,231,794
804,215,260,744
814,224,272,728
837,223,240,749
837,241,231,738
832,242,230,720
856,256,245,714
843,215,257,728
876,236,269,726
876,244,272,759
876,239,272,668
889,239,254,720
877,236,243,741
877,221,248,738
895,242,251,717
889,253,231,720
889,217,276,731
844,217,273,753
883,197,237,734
901,226,233,711
855,236,273,707
876,221,257,747
891,235,233,743
870,199,305,786
879,242,290,750
877,233,288,771
876,239,299,729
877,211,278,789
861,245,357,789
922,224,269,713
909,253,293,737
916,247,302,737
919,230,312,758
907,217,285,729
937,253,267,666
913,260,279,714
889,254,320,750
948,247,281,740
925,229,296,747
970,205,253,686
934,223,299,719
934,215,312,743
919,217,317,728
927,196,282,756
924,239,338,777
939,239,290,695
951,203,245,716
903,182,335,752
958,221,282,737
948,224,291,747
940,224,285,812
912,226,299,704
967,223,284,740
921,190,264,756
936,211,266,737
925,212,288,845
933,212,293,773
924,208,311,764
930,200,285,746
892,169,317,851
948,203,272,782
922,203,258,776
940,206,302,846
898,226,254,624
922,190,330,717
912,202,288,726
1296,190,312,837
1284,193,311,878
1303,203,339,894
1315,175,309,830
1285,139,309,959
1279,179,327,875
1258,200,332,906
1278,214,329,837
1258,211,336,866
1236,206,354,860
1239,202,372,861
1242,179,329,900
1221,217,326,783
1252,209,318,813
1239,215,311,848
1233,205,360,824
1236,197,285,879
1246,190,299,839
1228,206,300,812
1207,220,351,839
1224,202,335,861
1228,211,324,824
1213,175,375,948
1206,239,299,851
1173,197,353,815
1179,215,336,785
1173,217,350,735
1176,238,260,738
1126,233,363,800
1134,247,294,822
1066,238,344,777
1090,202,327,807
1047,214,353,893
1068,248,324,773
1060,242,297,809
1026,235,297,771
1009,206,324,846
1044,224,281,800
997,220,290,788
996,232,408,869
982,298,306,696
1002,212,311,789
1008,206,285,770
1002,209,296,776
1000,176,289,831
949,212,315,819
985,218,268,786
939,239,308,782
933,244,288,768
973,229,239,810
952,220,270,834
945,244,273,816
945,236,272,804
936,253,324,827
919,238,318,791
936,256,282,818
948,238,302,830
916,250,315,728
936,244,296,758
925,265,317,762
948,266,374,737
930,257,339,725
939,257,351,732
922,244,384,791
943,289,353,719
951,254,392,780
945,248,398,759
970,281,351,764
948,265,377,771
972,274,365,762
966,256,375,746
979,269,354,816
970,260,349,803
975,253,375,776
997,268,324,719
990,251,356,768
1003,245,305,791
1011,220,345,801
1014,250,287,777
1002,239,317,795
1029,248,309,762
1014,257,315,735
1009,256,338,747
1035,247,312,774
1063,227,302,843
1078,241,315,812
1077,259,243,788
1111,260,294,776
1141,256,257,744
1168,218,248,782
1158,239,230,792
1180,229,249,821
1180,235,254,821
1215,239,237,776
1206,223,278,788
1248,232,240,833
1233,250,288,851
1224,229,261,861
1243,245,287,849
1236,227,308,848
1230,224,264,800
1218,254,269,794
1233,236,266,849
1222,241,306,803
1228,271,252,824
1209,263,258,851
1219,253,296,813
1210,254,294,768
1207,241,278,849
1186,239,321,846
1206,250,315,765
1179,260,279,755
1171,241,293,773
1171,262,321,737
1131,256,342,788
1155,262,302,792
1152,259,287,764
1138,266,299,764
1155,232,305,815
1120,280,365,797
1128,236,336,776
1155,265,365,827
1146,272,342,722
1128,263,317,764
1134,250,336,776
1150,245,320,756
1131,230,297,789
1122,254,333,777
1125,238,320,786
1128,232,338,831
1129,235,329,771
1129,239,342,800
1068,239,275,719
1035,238,341,807
1014,209,300,809
1015,229,271,809
972,239,347,782
978,235,321,774
975,200,326,807
1006,248,321,761
975,202,369,824
973,227,318,743
970,230,330,818
931,245,360,816
943,242,342,771
946,220,300,795
943,238,248,704
898,232,309,771
931,238,308,807
915,238,324,824
934,244,299,767
924,248,323,803
927,256,333,758
925,256,350,777
916,229,326,782
919,281,333,800
943,263,332,755
922,271,324,762
948,272,296,708
937,257,330,758
943,244,380,776
937,245,332,824
961,275,350,809
948,268,348,768
922,268,419,839
960,266,357,810
972,277,324,738
964,256,339,803
975,269,386,795
946,262,320,803
948,242,369,800
966,248,353,786
987,259,351,807
970,239,370,816
981,253,372,842
978,235,345,822
1003,248,336,851
990,265,372,828
1014,272,335,794
1006,221,311,726
1005,269,354,777
1048,245,344,851
1024,241,329,839
1057,247,293,792
1074,269,302,794
1096,242,293,776
1104,241,321,801
1129,236,309,831
1119,230,309,816
1140,223,291,789
1143,236,321,852
1174,245,312,770
1189,233,291,819
1176,241,303,881
1189,221,311,827
1233,242,293,807
1215,233,296,825
1198,248,285,833
1228,229,303,803
1218,208,324,831
1234,224,348,804
1231,209,293,810
1203,229,357,834
1183,259,363,762
1191,230,317,809
1191,233,318,846
1201,256,299,759
1182,254,317,884
1185,251,317,813
1170,221,287,848
1176,286,329,866
1206,256,278,794
1159,203,336,848
1183,257,341,785
1144,260,327,785
1143,268,338,828
1161,272,323,804
1159,272,329,753
1141,242,293,746
1123,274,314,791
1123,260,347,765
1128,262,392,891
1123,265,327,755
1137,239,359,858
1134,277,354,770
1137,250,335,824
1137,248,333,807
1122,236,315,776
1104,248,347,776
1140,262,287,810
1144,275,326,855
867,224,303,699
852,238,299,662
843,214,294,657
865,191,308,717
825,224,344,762
805,178,363,761
831,235,362,719
858,202,287,740
838,215,321,671
825,187,320,752
823,251,323,693
822,175,350,812
852,224,333,735
840,220,315,804
834,241,338,761
846,212,306,810
876,217,291,788
877,268,329,678
844,233,287,693
874,226,309,743
858,233,354,768
865,251,375,713
864,259,321,753
828,223,314,719
816,250,309,747
799,253,366,770
811,244,323,714
805,242,282,680
805,233,354,752
805,241,369,704
780,230,332,705
798,245,366,708
777,214,389,758
798,227,390,732
781,248,366,740
811,280,336,675
807,235,359,759
849,221,408,696
894,310,342,675
849,227,401,746
885,212,386,767
940,218,342,755
954,239,375,777
937,206,407,831
994,182,390,843
1026,175,401,800
994,199,407,828
1051,235,413,759
1087,254,423,782
1114,257,450,720
1146,262,399,788
1168,286,464,768
1164,236,414,794
1225,245,356,738
1240,230,338,758
1228,233,392,786
1245,254,386,746
1251,230,395,755
1285,227,380,768
1269,227,341,803
1246,218,398,788
1287,197,386,828
1296,166,345,825
1276,196,378,899
1270,184,327,849
1264,167,372,875
1281,181,324,930
1278,136,392,893
1278,184,356,896
1261,163,384,860
1257,164,383,921
1236,163,398,890
1227,212,417,888
1218,188,363,849
1213,169,353,891
1237,220,383,849
1239,193,372,873
1240,194,398,908
1233,194,371,842
1207,205,404,806
1186,206,401,812
1200,179,366,822
1216,181,326,845
1218,232,351,816
1200,208,317,737
1204,208,323,809
1215,206,296,774
1164,179,321,789
1198,172,320,794
1215,190,282,761
1191,202,348,719
1129,191,296,807
1156,247,339,819
1128,208,332,795
1098,191,330,782
1096,200,309,737
1074,172,306,809
1044,191,413,882
1063,269,270,698
1047,203,321,726
1014,224,336,804
991,245,302,732
999,232,356,782
951,230,339,731
925,236,395,777
931,217,345,779
946,211,431,809
972,229,309,774
933,232,293,819
891,209,311,885
888,218,330,866
928,257,288,764
922,218,345,825
915,212,342,795
912,224,378,857
925,220,350,833
913,242,366,794
904,227,320,803
928,241,332,842
924,245,368,797
916,250,350,791
922,256,299,827
937,266,360,869
906,260,326,741
919,215,372,872
942,268,375,783
924,268,363,729
925,266,348,767
937,254,378,744
946,266,359,755
936,274,357,741
952,265,369,786
960,287,386,741
973,250,368,771
961,268,404,761
970,262,349,816
957,236,333,794
963,287,391,737
984,238,344,764
987,260,330,824
993,241,357,732
990,263,330,888
1005,239,297,789
1011,239,348,830
1008,218,342,747
1032,247,297,831
1038,268,318,792
1045,268,323,746
1047,242,339,758
1077,226,251,788
1066,238,276,758
1101,220,314,824
1125,217,315,797
1150,224,306,789
1135,224,311,801
1158,223,318,764
1179,205,327,803
1194,241,321,765
1212,211,290,788
1227,188,284,879
1236,206,251,840
1218,187,312,857
1219,214,270,890
1219,226,306,822
1231,253,272,798
1224,220,318,830
1224,259,327,777
1239,230,323,914
1234,251,314,791
1183,235,321,812
1186,251,323,762
1206,224,345,825
1183,238,344,819
1182,236,348,837
1186,241,366,822
1170,277,357,740
1173,265,353,765
1153,250,372,810
1167,281,323,779
945,212,258,674
913,235,356,665
921,220,309,704
927,200,333,732
910,242,318,713
943,224,303,698
898,217,279,617
910,220,330,654
933,202,309,657
930,181,339,705
922,199,263,684
927,215,239,647
894,205,294,656
906,190,294,657
868,169,300,618
892,197,326,635
895,199,323,684
880,163,365,732
910,199,336,648
928,253,306,597
882,217,327,590
870,196,302,599
873,232,354,618
847,221,305,659
816,175,329,708
813,164,375,783
834,302,311,659
811,199,321,644
823,187,315,596
817,188,333,714
840,202,260,716
834,169,321,783
834,175,300,728
810,173,302,729
805,214,354,765
823,215,342,777
829,185,369,806
801,205,350,752
819,196,366,714
807,206,357,702
831,205,339,831
846,209,329,753
847,232,315,836
817,178,377,848
861,238,351,800
850,209,306,818
859,221,383,765
874,227,288,689
886,236,324,701
787,236,362,773
723,203,386,734
726,254,461,806
727,227,431,753
766,251,447,740
753,236,390,737
766,251,372,780
750,233,362,771
774,235,336,642
756,211,431,755
757,244,341,681
831,245,332,728
822,248,320,684
811,215,417,740
843,245,377,731
876,286,356,711
871,227,384,776
876,208,359,740
894,223,366,680
967,190,371,762
961,241,404,834
964,230,417,743
954,224,435,804
1030,254,317,804
1045,229,351,734
1084,214,428,840
1114,244,435,821
1173,223,372,782
1141,224,378,749
1173,269,401,803
1203,233,323,809
1213,229,345,768
1243,241,426,798
1239,209,389,767
1222,250,480,854
1231,250,347,782
1227,223,366,846
1276,221,329,771
1254,193,417,837
1246,191,384,801
1279,187,362,840
1285,188,345,854
1267,166,372,932
1263,202,392,917
1230,181,389,902
1252,211,420,864
1237,181,407,908
1224,155,423,935
1231,212,392,768
1222,179,369,867
1207,182,378,858
1215,190,380,846
1219,214,368,860
1231,206,366,899
1210,218,368,855
1240,184,399,839
1227,176,383,905
1183,190,402,914
1237,197,300,905
1209,220,399,824
1218,179,312,876
1227,212,344,807
1207,224,314,786
1188,211,342,738
1218,202,308,848
1213,215,320,810
1219,209,339,819
1203,223,300,767
1189,247,332,746
1156,218,309,788
1165,226,261,719
1143,223,363,732
1111,199,303,729
1138,208,281,762
1113,209,255,786
1080,197,263,770
1066,164,293,855
1083,250,264,794
1038,229,308,788
1053,223,237,762
1005,245,279,738
963,221,336,783
951,235,353,732
984,286,284,642
925,203,351,752
912,230,353,753
927,257,299,693
943,239,321,801
918,224,312,717
913,224,318,794
924,223,299,722
837,218,320,690
913,265,384,785
912,277,338,803
915,214,353,830
901,230,342,818
906,218,353,771
924,245,381,791
930,251,311,767
930,247,350,749
951,253,281,831
913,241,335,789
931,229,360,771
919,289,386,753
924,266,425,857
943,257,413,807
942,260,389,770
940,304,381,770
952,268,369,779
960,343,371,738
960,238,419,816
970,283,337,794
957,265,318,759
960,223,381,777
931,227,341,828
970,265,355,726
972,241,294,810
991,256,335,785
1015,227,283,767
1002,232,348,848
988,244,342,795
1000,259,352,707
1032,241,312,737
1033,248,293,765
1042,251,291,750
1056,221,270,843
1078,253,266,746
1068,215,305,852
1054,232,320,774
1104,223,323,762
1114,235,356,777
1117,235,300,767
1119,220,351,869
1129,220,345,782
1182,265,282,848
1177,217,287,830
1195,242,324,777
1206,244,279,818
1209,199,326,789
1198,241,269,782
1222,217,260,788
1215,220,294,807
1245,211,273,807
1227,248,272,794
1231,272,237,764
1210,230,299,765
1197,223,281,725
1200,206,285,785
1224,226,260,747
1219,227,261,771
1212,245,341,765
1191,251,338,780
1200,248,311,756
1164,253,309,698
1180,263,263,731
1191,238,293,773
